2582345152	0,0.8482995580146625
244999119	0,1.5967991680276
3365728297	0,0.0
2584113432	0,0.0
1051165850	0,0.5655330386764417
684921758	0,1.696599116029325
3689283674	0,0.0
1212611096	0,0.0
3928440935	0,0.0
684921758	1,0.0
2584113432	1,0.0
3928440935	1,0.0
1212611096	1,0.0
3365728297	1,0.0
244999119	1,0.0
1051165850	1,0.6232953170013165
2582345152	1,0.0
3689283674	1,0.0
244999119	10,0.0
2584113432	10,0.0
3928440935	10,0.0
2582345152	10,0.0
3689283674	10,0.0
3365728297	10,0.0
1051165850	10,0.0
684921758	10,0.0
1212611096	10,0.0
3365728297	11,0.0
1051165850	11,0.0
684921758	11,0.0
1212611096	11,0.0
2582345152	11,0.0
3689283674	11,0.0
3928440935	11,0.0
2584113432	11,0.0
244999119	11,0.0
3928440935	12,0.0
3689283674	12,0.0
2582345152	12,0.0
2584113432	12,0.03622055110903535
244999119	12,0.0
3365728297	12,0.0
1212611096	12,0.0
1051165850	12,0.0
684921758	12,0.0
684921758	13,0.0
3689283674	13,0.0
2582345152	13,0.0
1212611096	13,0.0
3365728297	13,0.0
3928440935	13,0.0
2584113432	13,0.03622055110903535
244999119	13,0.0
1051165850	13,0.0
1051165850	14,0.5562353641485779
684921758	14,0.8343530462228669
3365728297	14,0.0
244999119	14,0.7852734552685806
2584113432	14,0.0323236046962854
3928440935	14,0.0
3689283674	14,0.0
2582345152	14,1.6687060924457338
1212611096	14,0.0
684921758	15,0.0
2584113432	15,0.03622055110903535
2582345152	15,0.0
1051165850	15,0.0
3365728297	15,0.0
244999119	15,0.0
3928440935	15,0.0
1212611096	15,0.0
3689283674	15,0.0
1212611096	16,0.0
244999119	16,0.0
3689283674	16,0.0
3928440935	16,0.0
1051165850	16,0.0
2582345152	16,0.0
2584113432	16,0.0
684921758	16,0.0
3365728297	16,0.0
3928440935	17,0.0
244999119	17,0.0
2584113432	17,0.0
3365728297	17,0.0
1051165850	17,0.0
1212611096	17,0.0
684921758	17,0.0
3689283674	17,0.0
2582345152	17,0.0
3689283674	18,0.0
3928440935	18,0.0
3365728297	18,0.0
244999119	18,0.0
2584113432	18,0.0
1051165850	18,0.6232953170013165
1212611096	18,0.0
2582345152	18,0.0
684921758	18,0.0
2584113432	19,0.0
3365728297	19,0.0
1212611096	19,0.0
244999119	19,0.0
684921758	19,0.0
3928440935	19,0.0
2582345152	19,0.0
3689283674	19,0.0
1051165850	19,1.246590634002633
1051165850	2,0.0
3928440935	2,0.0
3365728297	2,0.0
3689283674	2,0.0
244999119	2,1.5967991680276
1212611096	2,0.0
2582345152	2,1.696599116029325
2584113432	2,0.06572781079048233
684921758	2,1.696599116029325
3365728297	20,0.0
2584113432	20,0.0
244999119	20,0.0
684921758	20,0.0
3928440935	20,0.0
2582345152	20,0.0
1212611096	20,0.0
3689283674	20,0.0
1051165850	20,0.0
1212611096	21,0.0
3365728297	21,0.0
2584113432	21,0.10866165332710603
1051165850	21,0.0
2582345152	21,0.0
684921758	21,0.0
3689283674	21,0.0
244999119	21,0.0
3928440935	21,0.0
1212611096	22,0.0
1051165850	22,0.0
244999119	22,0.0
684921758	22,0.0
3689283674	22,0.0
3365728297	22,0.0
2582345152	22,0.0
2584113432	22,0.0
3928440935	22,0.0
3928440935	23,0.0
2582345152	23,0.0
1051165850	23,0.0
244999119	23,0.0
2584113432	23,0.0
3689283674	23,0.0
1212611096	23,0.0
3365728297	23,0.0
684921758	23,0.0
3928440935	24,0.0
2584113432	24,0.0
2582345152	24,0.0
3689283674	24,0.0
1051165850	24,0.0
244999119	24,0.0
1212611096	24,0.0
684921758	24,0.0
3365728297	24,0.0
3928440935	25,0.0
3365728297	25,0.0
1051165850	25,0.0
3689283674	25,0.0
244999119	25,0.0
2582345152	25,0.0
2584113432	25,0.03622055110903535
1212611096	25,0.0
684921758	25,0.0
1051165850	26,0.0
3689283674	26,0.0
2582345152	26,0.0
2584113432	26,0.03622055110903535
684921758	26,0.0
244999119	26,0.0
3928440935	26,0.0
1212611096	26,0.0
3365728297	26,0.0
1051165850	27,0.0
2584113432	27,0.0
244999119	27,0.0
3365728297	27,0.0
3928440935	27,0.0
3689283674	27,0.0
684921758	27,0.0
2582345152	27,0.0
1212611096	27,0.0
2584113432	28,0.0
3365728297	28,0.0
2582345152	28,0.0
3689283674	28,0.0
1212611096	28,0.0
244999119	28,0.815322077609617
1051165850	28,1.1550396099469573
684921758	28,0.866279707460218
3928440935	28,0.0
2584113432	29,0.0
1051165850	29,0.0
3365728297	29,0.0
2582345152	29,0.0
684921758	29,0.0
244999119	29,0.0
3689283674	29,0.0
3928440935	29,0.0
1212611096	29,0.0
2582345152	3,0.8916212567996591
684921758	3,0.0
3928440935	3,0.0
3689283674	3,0.40759828882270127
2584113432	3,0.0
3365728297	3,0.0
1051165850	3,0.0
1212611096	3,0.0
244999119	3,0.0
1212611096	30,0.0
2584113432	30,0.0
3365728297	30,0.0
3928440935	30,0.0
244999119	30,0.0
2582345152	30,0.0
684921758	30,0.0
3689283674	30,0.0
1051165850	30,0.0
3689283674	31,0.0
1051165850	31,0.6232953170013165
244999119	31,0.0
2582345152	31,0.0
3365728297	31,0.0
2584113432	31,0.0
1212611096	31,0.0
684921758	31,0.0
3928440935	31,0.0
2584113432	32,0.0
2582345152	32,0.0
3689283674	32,0.0
3365728297	32,0.0
3928440935	32,0.0
244999119	32,0.0
684921758	32,0.0
1051165850	32,0.0
1212611096	32,0.0
3928440935	33,0.0
684921758	33,0.0
3365728297	33,0.0
3689283674	33,0.0
1212611096	33,0.0
2582345152	33,0.0
244999119	33,0.0
1051165850	33,0.0
2584113432	33,0.0
3365728297	34,0.0
244999119	34,1.630644155219234
2584113432	34,0.0
684921758	34,0.0
3928440935	34,0.0
1212611096	34,0.0
2582345152	34,0.866279707460218
3689283674	34,0.0
1051165850	34,0.5775198049734787
3365728297	35,0.0
1051165850	35,0.0
1212611096	35,0.0
244999119	35,0.0
3928440935	35,0.0
3689283674	35,0.0
2584113432	35,0.0
2582345152	35,0.0
684921758	35,0.0
3689283674	36,0.0
244999119	36,0.0
684921758	36,0.0
3365728297	36,0.0
1051165850	36,0.0
2584113432	36,0.0
3928440935	36,0.0
2582345152	36,0.0
1212611096	36,0.0
3928440935	37,0.0
1051165850	37,0.0
2584113432	37,0.0
684921758	37,0.0
244999119	37,0.0
2582345152	37,0.0
1212611096	37,0.0
3365728297	37,0.5094978610283766
3689283674	37,0.8151965776454025
3928440935	38,0.0
2584113432	38,0.0
1212611096	38,0.0
3689283674	38,0.0
1051165850	38,0.0
684921758	38,0.0
3365728297	38,0.0
2582345152	38,0.0
244999119	38,0.0
684921758	39,0.0
3928440935	39,2.137012515433085
3365728297	39,0.0
1051165850	39,0.0
2582345152	39,0.0
2584113432	39,0.0
1212611096	39,0.0
3689283674	39,0.0
244999119	39,0.0
2582345152	4,0.0
3365728297	4,0.0
684921758	4,0.0
1051165850	4,0.0
3928440935	4,0.0
3689283674	4,0.0
2584113432	4,0.0
1212611096	4,0.0
244999119	4,0.0
2584113432	40,0.0
3365728297	40,0.0
1212611096	40,0.0
3689283674	40,0.0
684921758	40,0.0
244999119	40,0.0
2582345152	40,0.0
1051165850	40,0.0
3928440935	40,0.0
244999119	41,0.0
1212611096	41,0.0
1051165850	41,0.0
3689283674	41,0.0
2584113432	41,0.10866165332710603
3365728297	41,0.0
684921758	41,0.0
3928440935	41,0.0
2582345152	41,0.0
3365728297	42,0.0
684921758	42,0.0
3928440935	42,0.0
3689283674	42,0.0
1212611096	42,0.0
2582345152	42,0.0
2584113432	42,0.0
1051165850	42,0.0
244999119	42,0.0
684921758	43,0.0
2582345152	43,0.0
3365728297	43,0.0
2584113432	43,0.0
3689283674	43,0.42740250308661704
244999119	43,0.0
1212611096	43,0.0
1051165850	43,0.0
3928440935	43,0.0
3365728297	44,0.0
244999119	44,0.0
3689283674	44,0.0
2582345152	44,0.0
1212611096	44,0.0
3928440935	44,0.0
1051165850	44,0.0
684921758	44,0.0
2584113432	44,0.0
3928440935	45,0.0
1212611096	45,0.0
3689283674	45,0.0
244999119	45,0.0
2582345152	45,0.0
684921758	45,0.0
1051165850	45,0.0
2584113432	45,0.0
3365728297	45,0.0
244999119	46,0.0
684921758	46,0.0
2582345152	46,0.0
1212611096	46,0.0
3689283674	46,0.0
3928440935	46,0.0
3365728297	46,0.0
1051165850	46,0.0
2584113432	46,0.0
684921758	47,0.0
3365728297	47,0.0
1051165850	47,0.0
2582345152	47,0.0
244999119	47,0.0
3928440935	47,0.0
2584113432	47,0.0
3689283674	47,0.0
1212611096	47,0.0
2582345152	48,0.0
1051165850	48,0.0
3365728297	48,0.0
684921758	48,0.0
244999119	48,0.0
3928440935	48,0.0
1212611096	48,0.0
2584113432	48,0.0
3689283674	48,0.0
244999119	49,0.0
3689283674	49,0.0
3928440935	49,0.0
2584113432	49,0.0
684921758	49,0.0
1051165850	49,0.0
3365728297	49,0.0
1212611096	49,0.0
2582345152	49,0.0
1051165850	5,0.0
1212611096	5,0.0
3928440935	5,0.0
2584113432	5,1.1952781865981663
3689283674	5,0.0
684921758	5,0.0
2582345152	5,0.0
244999119	5,0.0
3365728297	5,0.0
1051165850	50,0.0
684921758	50,0.0
244999119	50,0.0
3928440935	50,0.0
2582345152	50,0.0
1212611096	50,0.0
3689283674	50,0.0
2584113432	50,0.0
3365728297	50,0.0
3689283674	51,0.42740250308661704
3365728297	51,0.0
244999119	51,0.0
684921758	51,0.0
2584113432	51,0.0
1051165850	51,0.0
2582345152	51,0.0
3928440935	51,0.0
1212611096	51,0.0
3689283674	52,0.0
1051165850	52,0.0
2582345152	52,0.0
244999119	52,0.0
2584113432	52,0.0
3928440935	52,0.0
684921758	52,0.0
1212611096	52,0.0
3365728297	52,0.0
1051165850	53,0.0
1212611096	53,0.0
3928440935	53,0.0
3365728297	53,0.0
684921758	53,0.0
3689283674	53,0.0
2582345152	53,0.0
244999119	53,0.0
2584113432	53,0.0
2582345152	54,0.0
3365728297	54,0.0
684921758	54,0.0
1051165850	54,0.0
2584113432	54,0.0724411022180707
244999119	54,0.0
3689283674	54,0.0
3928440935	54,0.0
1212611096	54,0.0
2582345152	55,0.0
1051165850	55,0.0
2584113432	55,0.0
3928440935	55,0.0
244999119	55,0.0
1212611096	55,0.0
3689283674	55,0.8548050061732341
684921758	55,0.0
3365728297	55,0.0
2582345152	56,0.0
3928440935	56,0.0
244999119	56,0.8799463298842116
684921758	56,0.0
3365728297	56,0.0
1212611096	56,0.0
2584113432	56,0.0
1051165850	56,0.0
3689283674	56,0.0
1212611096	57,0.0
2582345152	57,0.0
3928440935	57,0.0
3689283674	57,0.0
2584113432	57,0.0
244999119	57,0.0
3365728297	57,0.0
1051165850	57,0.0
684921758	57,0.0
2582345152	58,0.0
3365728297	58,0.0
244999119	58,0.0
1051165850	58,0.0
3689283674	58,0.0
3928440935	58,0.0
1212611096	58,0.0
2584113432	58,0.0
684921758	58,0.0
1051165850	59,0.0
2584113432	59,0.03622055110903535
684921758	59,0.0
244999119	59,0.0
3689283674	59,0.0
3928440935	59,0.0
1212611096	59,0.0
3365728297	59,0.0
2582345152	59,0.0
2582345152	6,0.0
1051165850	6,0.0
2584113432	6,0.0
1212611096	6,0.0
3928440935	6,0.0
244999119	6,0.0
3689283674	6,0.0
684921758	6,0.0
3365728297	6,0.0
3928440935	60,0.0
3689283674	60,0.0
244999119	60,0.8799463298842116
684921758	60,0.0
1051165850	60,0.0
2582345152	60,0.0
2584113432	60,0.0
1212611096	60,0.0
3365728297	60,0.0
3689283674	61,0.0
1051165850	61,0.0
2582345152	61,0.0
1212611096	61,0.0
3928440935	61,0.0
244999119	61,0.0
2584113432	61,0.0
684921758	61,0.0
3365728297	61,0.0
3928440935	62,0.0
3365728297	62,0.0
244999119	62,0.0
1051165850	62,0.0
684921758	62,0.0
2582345152	62,0.0
3689283674	62,0.0
2584113432	62,0.0
1212611096	62,0.0
1212611096	63,0.0
2582345152	63,0.0
3928440935	63,0.0
244999119	63,0.0
3689283674	63,0.0
3365728297	63,0.0
1051165850	63,0.0
684921758	63,0.0
2584113432	63,0.0
3689283674	64,0.0
3365728297	64,0.0
684921758	64,0.0
2582345152	64,0.0
1212611096	64,0.0
2584113432	64,0.0
1051165850	64,0.0
244999119	64,0.0
3928440935	64,0.0
684921758	65,0.0
2584113432	65,0.0
3689283674	65,0.0
3928440935	65,0.0
244999119	65,0.0
3365728297	65,0.0
1051165850	65,0.5944141711997727
1212611096	65,0.0
2582345152	65,0.8916212567996591
2582345152	66,0.0
1212611096	66,0.0
2584113432	66,0.0
684921758	66,0.0
1051165850	66,0.6232953170013165
3365728297	66,0.0
3689283674	66,0.0
244999119	66,0.0
3928440935	66,0.0
1051165850	67,0.0
684921758	67,0.0
2584113432	67,0.0
2582345152	67,0.0
3928440935	67,0.0
1212611096	67,0.0
244999119	67,0.0
3365728297	67,0.0
3689283674	67,0.0
2582345152	68,0.0
1051165850	68,0.0
684921758	68,0.0
1212611096	68,0.0
2584113432	68,0.0
244999119	68,0.0
3365728297	68,0.0
3928440935	68,0.0
3689283674	68,0.0
244999119	69,0.0
3928440935	69,0.0
3689283674	69,0.0
1212611096	69,0.0
2584113432	69,0.0
1051165850	69,0.0
3365728297	69,0.0
2582345152	69,0.0
684921758	69,0.0
3365728297	7,0.0
1051165850	7,1.1888283423995454
684921758	7,0.0
3928440935	7,0.0
244999119	7,0.0
2582345152	7,0.0
3689283674	7,0.0
1212611096	7,0.0
2584113432	7,0.10362668359899187
3928440935	70,0.0
2582345152	70,0.0
3365728297	70,0.5342531288582713
684921758	70,0.0
1051165850	70,0.0
3689283674	70,0.0
2584113432	70,0.0
244999119	70,0.0
1212611096	70,0.0
1212611096	71,0.0
3365728297	71,0.0
3689283674	71,0.0
2584113432	71,0.0
3928440935	71,0.0
684921758	71,0.0
2582345152	71,0.0
1051165850	71,0.0
244999119	71,0.0
2582345152	72,0.0
1212611096	72,0.0
684921758	72,0.0
244999119	72,0.0
2584113432	72,0.0
3365728297	72,0.0
3928440935	72,0.0
1051165850	72,0.0
3689283674	72,0.0
3365728297	73,0.0
1212611096	73,0.0
3928440935	73,0.0
3689283674	73,0.0
244999119	73,0.0
1051165850	73,0.0
2582345152	73,0.0
2584113432	73,0.0
684921758	73,0.0
3365728297	74,0.0
3689283674	74,0.0
1212611096	74,0.0
684921758	74,0.0
2584113432	74,0.0
244999119	74,0.0
3928440935	74,0.0
1051165850	74,0.6232953170013165
2582345152	74,0.0
244999119	75,0.0
3365728297	75,0.0
2584113432	75,0.10866165332710603
1051165850	75,0.0
1212611096	75,0.0
3689283674	75,0.0
3928440935	75,0.0
2582345152	75,0.0
684921758	75,0.0
2582345152	76,0.0
3928440935	76,0.0
244999119	76,0.0
2584113432	76,0.0
684921758	76,0.0
3365728297	76,0.0
3689283674	76,0.0
1051165850	76,0.0
1212611096	76,0.0
1212611096	77,0.0
684921758	77,0.0
3689283674	77,0.0
3365728297	77,0.0
244999119	77,0.0
1051165850	77,0.0
3928440935	77,0.0
2584113432	77,0.0
2582345152	77,0.0
684921758	78,0.0
3928440935	78,0.0
3365728297	78,0.0
3689283674	78,0.0
244999119	78,0.0
2582345152	78,0.0
2584113432	78,0.0
1051165850	78,0.0
1212611096	78,0.0
3365728297	79,0.0
3689283674	79,0.0
684921758	79,0.0
1051165850	79,0.0
1212611096	79,0.0
3928440935	79,0.0
2582345152	79,0.0
2584113432	79,0.0
244999119	79,0.0
3365728297	8,0.0
244999119	8,0.0
1212611096	8,0.0
1051165850	8,0.0
2584113432	8,0.03622055110903535
3928440935	8,0.0
684921758	8,0.0
3689283674	8,0.0
2582345152	8,0.0
3928440935	80,0.0
2582345152	80,0.0
1051165850	80,0.0
244999119	80,0.0
3689283674	80,0.0
684921758	80,0.0
3365728297	80,0.0
1212611096	80,0.0
2584113432	80,0.0
2584113432	81,0.0
1051165850	81,0.0
3689283674	81,0.0
2582345152	81,0.0
3365728297	81,0.0
3928440935	81,0.0
1212611096	81,0.0
244999119	81,0.0
684921758	81,0.0
3365728297	82,0.0
244999119	82,0.0
3928440935	82,0.0
3689283674	82,0.0
1212611096	82,0.0
2582345152	82,0.0
2584113432	82,0.0
684921758	82,0.0
1051165850	82,0.0
1051165850	83,0.0
3365728297	83,0.0
2582345152	83,0.0
3689283674	83,0.0
3928440935	83,0.0
244999119	83,0.0
684921758	83,0.0
2584113432	83,0.0
1212611096	83,0.0
1051165850	84,0.0
3365728297	84,0.0
684921758	84,0.0
244999119	84,0.0
3928440935	84,0.0
2584113432	84,0.0
3689283674	84,0.0
2582345152	84,0.0
1212611096	84,0.0
2584113432	85,0.0
2582345152	85,0.0
1051165850	85,0.0
684921758	85,0.0
3928440935	85,0.0
1212611096	85,0.0
3689283674	85,0.0
3365728297	85,0.0
244999119	85,0.0
2584113432	86,0.0
684921758	86,0.0
3689283674	86,0.0
1212611096	86,0.0
2582345152	86,0.0
3928440935	86,0.0
244999119	86,0.0
1051165850	86,0.0
3365728297	86,0.0
244999119	87,0.0
1051165850	87,0.0
3689283674	87,0.0
3365728297	87,0.0
1212611096	87,0.0
2584113432	87,0.0
684921758	87,0.0
2582345152	87,0.0
3928440935	87,0.0
2584113432	88,0.0
2582345152	88,0.0
1212611096	88,0.0
1051165850	88,0.0
3928440935	88,0.0
244999119	88,0.0
3689283674	88,0.0
684921758	88,0.0
3365728297	88,0.0
684921758	89,0.0
1051165850	89,0.0
3365728297	89,0.0
3928440935	89,0.0
1212611096	89,0.0
244999119	89,0.0
2582345152	89,0.0
2584113432	89,0.0
3689283674	89,0.0
1051165850	9,0.0
244999119	9,0.0
3689283674	9,0.0
1212611096	9,0.0
3365728297	9,0.0
3928440935	9,0.0
2584113432	9,0.0
2582345152	9,0.0
684921758	9,0.0
244999119	90,0.0
2584113432	90,0.0
1212611096	90,0.0
3928440935	90,0.0
684921758	90,0.0
2582345152	90,0.0
1051165850	90,0.0
3689283674	90,0.0
3365728297	90,0.0
1212611096	91,0.0
2584113432	91,0.0724411022180707
1051165850	91,0.0
244999119	91,0.0
3689283674	91,0.0
3365728297	91,0.0
2582345152	91,0.0
684921758	91,0.0
3928440935	91,0.0
1212611096	92,0.0
2584113432	92,0.0
684921758	92,0.9349429755019748
3928440935	92,0.0
3689283674	92,0.0
1051165850	92,0.0
3365728297	92,0.0
2582345152	92,0.0
244999119	92,0.0
684921758	93,0.0
1051165850	93,0.0
3689283674	93,0.0
1212611096	93,0.0
244999119	93,0.0
3928440935	93,0.0
2584113432	93,0.0
3365728297	93,0.0
2582345152	93,0.0
3365728297	94,0.0
1051165850	94,0.0
684921758	94,0.0
3928440935	94,0.0
1212611096	94,0.0
2582345152	94,0.0
244999119	94,0.0
2584113432	94,0.0
3689283674	94,0.0
3365728297	95,0.0
3928440935	95,0.0
244999119	95,0.0
1051165850	95,0.0
684921758	95,0.0
1212611096	95,0.0
3689283674	95,0.0
2582345152	95,0.0
2584113432	95,0.0
3365728297	96,0.0
3689283674	96,0.0
2582345152	96,0.0
684921758	96,0.0
2584113432	96,0.0
1051165850	96,0.0
244999119	96,0.0
1212611096	96,0.0
3928440935	96,0.0
3928440935	97,0.0
1212611096	97,0.0
1051165850	97,0.0
244999119	97,0.0
3365728297	97,0.0
3689283674	97,0.0
684921758	97,0.0
2584113432	97,0.0
2582345152	97,0.0
3928440935	98,0.0
2582345152	98,0.0
2584113432	98,0.0
3365728297	98,0.5342531288582713
684921758	98,0.0
3689283674	98,0.0
244999119	98,0.0
1051165850	98,0.0
1212611096	98,0.0
1212611096	99,0.0
2582345152	99,0.0
3365728297	99,0.0
2584113432	99,0.0
244999119	99,0.0
3928440935	99,0.0
1051165850	99,0.0
684921758	99,0.0
3689283674	99,0.0
